-1.039518 0.7736706 0.88393193 0.9876528 1.3175516 0.95872605 0.696068 0.8865632 0.010046982 0.78268844 
-1.6140655 -1.07473 -0.53515327 -0.716337 -1.6135147 0.028816082 0.49561206 1.3131956 0.18207212 1.0516511 
0.2587462 -0.038412906 -0.11798745 0.6108553 0.30675903 0.503 -0.08912495 0.23803654 0.24440949 -0.116549425 
0.41997153 0.16305427 0.74230766 -0.7695326 0.067439936 -0.2742644 0.7760487 -0.67341346 -0.29656664 -1.879259 
0.8601876 0.96045065 0.4252588 -0.68961847 -0.55341995 -0.47248438 -0.22145605 1.2369139 1.2148074 -0.64173406 
0.57261294 -0.08885622 -0.62442166 -0.54036015 -0.27136052 -0.3286656 -0.03075916 -0.42710778 0.7898179 1.2981793 
-0.52614146 0.9917333 -0.48381332 -0.84551305 -0.4227378 -1.0878137 1.2027237 -0.07039483 0.061295476 0.6236921 
-0.52050877 -0.6076205 0.26720563 0.30800036 -0.83655626 0.5475321 0.19015618 -0.75024015 -0.29634967 0.84127104 
0.29954913 0.4363703 0.45753825 -0.4107705 1.102865 -0.02126919 0.5564453 0.50183487 0.488347 0.86321795 
0.41680583 -0.5637785 -1.5273963 -0.002434332 0.46010014 0.003123613 -0.77625394 -1.4413463 0.2293413 -1.1898181 
-0.8025581 0.1395169 0.13389227 1.3100044 0.83581185 1.4766641 0.6538007 0.835252 -1.0459131 -0.8349034 
-1.2877694 -0.9398355 -0.14249815 0.4866444 0.27034757 0.3701592 0.30849865 0.06039124 -1.0241761 0.76181346 
-0.81635666 -0.8781315 -0.5871267 -0.8291687 -0.96672225 -0.43340355 0.15254357 0.08869088 0.69828403 1.4850619 
0.04813088 0.21929625 0.6412556 -0.37569615 0.0051963856 -0.53234553 0.1314938 0.47517362 0.20730555 -1.8518244 
-0.17458393 -0.88286495 -1.059173 0.6147398 -0.335117 0.6380253 -0.49802348 -0.45112288 1.9050331 -1.1145817 
-0.064560585 0.66974753 -0.06331351 -0.21164425 -0.58021915 -0.83302116 0.67750823 0.74980056 0.7585806 -0.39989433 
1.7651564 0.6131998 0.13267305 0.38131973 -0.03909841 0.3727936 1.2900072 1.0957887 -1.2443124 0.26402673 
-0.203495 1.8808879 0.3468539 -0.9231959 -0.7714437 -1.2127855 -0.14139742 -0.9126504 0.90402 1.3737422 
-0.51234007 0.427435 -0.031718314 -0.71107036 0.19190423 -0.7321071 -1.4397974 -0.77480984 -0.8945884 -0.52246237 
0.27842584 1.1709744 -0.046444647 0.66203815 0.3046709 0.5012402 0.24099521 0.1003137 -0.43911895 -1.0200499 
0.6129526 -1.1537143 0.57586235 -0.13267456 -0.5852684 -0.010832858 0.45306176 -0.6107019 0.81579673 0.79352456 
-1.2122428 -0.11860373 0.67166334 0.18184976 -0.59436065 0.75890505 0.5337446 1.1896832 -1.20654 1.806241 
-0.61907595 0.6738961 1.2083312 0.29423982 0.7037777 0.59914845 0.61220765 0.75962245 0.94604063 1.3894765 
-2.4444053 -0.38013372 -0.523451 -0.74313945 1.2646754 -1.050689 -0.0047843624 -0.828714 -0.6799118 -1.3365027 
-0.26100928 0.0044614966 0.111376844 -0.20453212 0.0951801 -0.30912924 0.55897707 0.7378229 -1.001207 0.3329361 
-0.91551244 -0.58163553 0.28949085 1.1920935 -0.11035647 0.8250836 -1.5369765 -1.5396376 0.56512713 -0.6054508 
-1.311524 0.4428577 0.1890032 -0.4609042 0.9906744 -0.6911063 -0.19793318 -0.8076769 -1.4738797 -0.15172812 
-0.15584336 0.7259583 0.66168016 -0.44185436 0.2724299 -0.27926844 0.60949224 -0.44596732 -2.1440504 -0.29733318 
-0.22944282 -0.3888628 -0.31733868 0.44604757 0.92190844 0.53287095 0.20865828 0.7509718 -0.6674883 0.17743103 
-0.7618137 0.32346636 0.7671225 1.2003824 0.59462637 1.3974458 0.17501274 0.46642354 -0.8371322 1.0349417 
-1.3558618 -0.6805422 0.44746536 0.5763654 0.28189927 0.5762977 -0.4495232 0.54325354 1.7130206 3.3016217 
-0.35087562 -2.0961196 0.4214712 1.0702242 0.592491 0.7595247 0.6728532 -0.7422755 -0.5953616 1.238774 
1.3211206 1.0913446 0.34222066 0.34888062 -0.50552195 0.814136 -0.04123634 0.7464936 0.31411207 0.40783182 
0.7144062 0.205577 0.9376719 -1.3193501 -3.2347314 -0.19877961 -0.23283917 0.72766113 -0.9126124 1.5672396 
-0.27993658 -0.15593663 -0.9910121 0.21773425 1.1927702 -0.07651104 -0.02106275 0.7505793 -0.7225947 -1.2809302 
-2.078766 -0.77550435 -0.73400533 -0.50125355 -0.47345608 -0.40873098 -0.07276485 -0.8218901 -0.88405997 -2.0438764 
-0.6877217 0.011621231 0.6293716 0.20243344 -0.8633062 -0.04004598 1.0281711 0.91761976 0.79832214 -1.2954168 
-0.42872825 1.6045669 1.0057557 0.39117712 -0.1791221 -0.16898601 0.18268964 1.622183 0.6064126 -1.9231248 
0.5016194 0.2968232 0.7687584 0.52460897 -0.40904447 0.8789978 1.5968065 0.63260365 1.2823604 0.6597519 
-0.55212486 -0.3604236 0.73182315 1.6873157 0.4870512 1.6251627 0.3439641 0.36448133 0.90186274 -1.0101975 
0.2790644 0.8970518 0.79954267 -0.03466333 -1.4517237 0.2482938 1.538522 1.1248835 -0.9421307 -0.95051855 
1.0584826 1.8549689 1.785993 -0.28035673 -0.99915314 -0.43894458 1.6988599 0.46006548 -0.67978114 -1.6529505 
-0.68042266 -0.21606483 -0.54338986 0.95006585 -0.025934896 1.0346581 -0.19146876 0.6186399 0.52109855 -1.1056156 
0.41346678 -0.7605455 -0.14108793 -0.7135954 -0.8548958 -0.49564528 -0.5106191 0.79567134 -2.1443987 0.022345103 
-0.31886414 -0.17718785 1.0593973 0.3877972 0.80475646 0.28978902 -0.39067164 -1.2635839 -1.2753745 -0.5148921 
0.3785552 -0.37025076 -0.1740923 0.23403756 0.119334094 0.16755386 0.24633692 0.7428158 -0.5054127 0.486138 
-2.4406974 -0.38744023 -0.27028126 0.03998052 0.20020208 -0.4215503 -0.21893708 -0.3008919 0.12446668 1.1472988 
-0.5593995 -0.3259476 -0.100110434 0.36164007 -1.6872597 0.38608694 -0.90488833 -1.0735881 -1.1542177 -0.07125574 
-2.5465047 -0.6008173 -0.5166257 -0.29521686 0.54335934 -0.30411172 0.24421205 -0.17587844 -0.155149 -0.9669696 
-1.176891 -0.041956734 0.27190113 0.11317188 0.19077137 0.24063829 -0.45318422 -0.7285285 -0.55960715 -0.31747836 
-1.1017869 0.21645288 -0.037385516 -0.275941 -1.3184776 -0.64235514 0.49750772 -0.5428923 -0.8490602 -0.39315507 
0.24763928 1.8057957 0.18348356 0.3055546 1.1836839 0.3317446 -0.79381406 1.1656094 -0.27516758 1.1104184 
0.76279664 0.27130756 -0.43441123 -0.19050664 -0.51750016 -0.28777987 0.8301093 -0.8069948 -1.8342646 -0.7305132 
1.4914448 -0.77172446 -0.5505446 0.3245989 -0.42302743 0.33031008 -1.0676557 -0.72400606 -0.47014895 0.3741708 
-1.9030147 1.1324787 1.1785542 1.0949172 -0.2688552 0.26837036 0.5688452 -0.91203195 -0.3988509 1.0230032 
-0.13612986 0.6918505 1.0450637 1.3062854 0.1369045 1.3291136 0.29927465 0.8260084 0.4031594 -1.1465703 
0.57085115 1.2154808 -1.2008616 0.97619647 1.4847621 0.89853483 -0.44938165 -0.3865812 -1.1857284 0.077478535 
-2.2202408 0.42119053 0.8141679 1.1190426 0.83859193 1.2091694 0.5772279 -0.12282989 -1.41992 0.8012571 
-0.00026066054 0.24577029 -0.24411213 -0.28894052 -0.016461894 -0.37519538 0.64351255 -0.078154266 0.084439114 -0.113293834 
-0.6157464 0.9884249 0.24142048 -0.27282813 -0.18559465 -0.47830507 -0.32719842 0.9878791 -0.8791228 0.077232316 
-0.74129444 1.3009583 0.95387095 -0.35407886 -0.07013983 0.050072312 0.62741584 0.45176527 -2.3417392 -1.8007778 
0.63689566 1.0507717 0.56403446 0.31532738 0.27581227 0.35742724 0.5026051 0.92246425 0.6387646 -0.3343982 
-0.51550853 -0.3168041 -0.67601025 0.42857265 -0.976029 0.35868302 0.66652167 0.9589856 -1.4870565 -1.0075763 
-0.34510162 0.69959414 0.30735013 0.122657984 0.18720832 0.17449626 0.09610327 -0.23379849 -1.496548 -0.9720078 
0.8932152 -0.46339765 -0.7028907 -1.069943 -1.2011956 -0.8007685 -2.100251 1.4070157 -0.115811385 -0.024267936 
-0.37162775 -0.14862701 -0.57647353 0.5765604 -1.6607786 0.35012436 0.19236341 0.16579306 0.48819333 -1.8358883 
-0.23100403 -1.6921784 -0.2580497 0.7107416 1.3361431 0.44486043 0.6590019 -0.52461207 -0.20136167 -0.40814787 
0.31392226 0.95079315 0.28399912 0.5123539 0.06036037 0.55520403 0.64511305 0.707008 -0.78419447 0.409046 
0.8036033 0.6656753 -0.24966407 -0.2591153 -0.19280769 0.13146217 1.170311 0.9662041 -0.5418798 -0.44367814 
-2.2488296 0.74508065 0.7866656 1.045821 0.24503145 1.1446834 1.9534873 1.0411202 -2.2122695 -0.8688399 
-0.7284937 0.49194738 0.14346462 0.2542554 0.5307601 0.91151226 1.0219669 -0.33463296 -1.8128979 -0.19947155 
-0.4743033 -0.32519972 -0.2400717 0.26532295 0.59309125 0.14471619 -1.4123503 -0.7911693 0.17227027 -3.3927126 
0.55612576 -0.9094047 1.064276 -0.45103446 0.961072 -0.038169302 1.2021415 0.5766447 1.8799951 -1.5897505 
0.34966365 0.34201568 0.63817626 0.14833067 -0.02983002 0.031739533 -0.40927216 0.4085451 -0.84465295 -0.5341949 
0.66591275 -0.14203173 0.016191782 -0.83474535 0.012770159 -0.88524395 0.26940814 -0.05511293 1.1420437 -0.79394984 
-0.6153515 0.43782815 1.5764797 -1.1397153 0.24485907 -1.6169635 0.05504083 1.4348426 0.4770531 -1.0940182 
-1.506519 0.92940974 1.0235604 -0.10084642 1.2674328 0.18870108 -0.1852731 -0.2969411 0.75803924 -1.5357913 
1.1469553 -0.12567134 0.5821885 0.346842 -0.06978019 0.30486688 1.1644042 0.5829734 -0.109760806 -1.4597538 
0.22685744 1.0706058 -0.010969959 0.03742577 0.3357395 0.21176903 -0.17518178 0.09836145 -0.9035351 -0.6065554 
-0.22366542 0.2899426 -0.10343642 0.13901167 0.7647522 -0.1090261 -0.7245202 0.7407485 -0.5573104 -0.63125163 
0.7054626 0.121124335 0.5250046 0.08135053 -0.73733866 0.085983515 0.7406417 -0.4054264 0.45938227 0.32071805 
-1.4047242 0.46738273 0.86626107 1.1247064 0.68042564 0.9661804 0.55493414 0.6543339 -0.30042458 -0.3111745 
-1.5119523 1.883319 1.2677037 0.53855157 0.21084192 0.9771441 1.1839626 1.5378531 -1.0828179 -0.548262 
1.0756729 -0.61063963 0.2691982 0.6184657 1.2949364 0.6145724 0.016460244 -1.4526335 0.2924165 -0.9278911 
0.6746411 -0.2597853 1.0329697 -1.6113168 -1.2275429 -1.2418245 0.05574211 0.30618495 -2.7581766 -1.5212516 
-0.53037125 0.14359772 0.32103464 0.5884839 -0.16229855 0.324279 0.10643316 -0.9639371 1.5577494 0.5215962 
-1.6549315 0.47165057 -0.29690686 0.31069556 0.39600053 0.52172387 -0.10858515 1.4096965 0.11326544 0.62739545 
0.2233818 0.9996257 0.10152459 -0.1469875 0.19508764 -0.16184781 0.7476526 0.04404024 0.95421356 1.7354093 
-0.011989234 0.6662008 0.9213606 0.12716532 -0.2640198 0.4146802 0.28644776 0.13409275 -0.8223341 0.19028828 
0.9605619 0.041465927 -0.10272607 0.6208424 1.6564003 0.82502145 -0.4286147 -0.57668895 -0.7081619 -0.10762224 
-0.546871 0.8683635 0.008797253 -1.3694057 -0.9044923 -0.3837937 0.68401885 -0.6311442 -0.46736085 0.012388515 
0.34493905 0.0872785 0.22274296 -0.3851832 -0.041249935 -0.3039244 0.5667577 -0.8555316 0.89761394 1.5149156 
-0.42686492 -0.04565974 -1.2918648 -0.031477053 -0.4652028 -0.06709667 -0.36882016 -0.32076076 -0.59989965 0.623836 
-0.3878279 1.477349 0.87835777 -0.660359 -0.5722269 -0.8633693 0.102129154 0.32721013 0.17217807 -0.5145512 
-1.8771355 -0.0038972162 0.73938245 0.11476821 0.651058 0.043662876 -0.851452 -0.9270362 0.29695958 -1.0195553 
-0.56696635 -1.3402114 0.21659093 0.1630969 0.84095776 0.47999245 0.2807928 1.4847622 0.31039995 -0.010297651 
0.000914989 -0.67116684 0.7464519 0.26881263 0.6864929 0.37534076 -0.19665346 -0.33070475 -1.254436 -0.5482334 
-0.16686192 0.1708814 1.1962798 0.27430025 -1.0059994 0.1833089 0.9702479 -0.31113636 0.18018559 -0.89011234 
-0.8108693 1.3176428 0.551614 0.56531274 0.96001625 0.7957932 0.7747061 0.1174009 -0.54017216 0.2829578 
-0.7973833 -1.375056 0.09263951 1.0177866 -0.009461989 1.0216994 0.4939162 0.37129316 0.42148215 1.2308855 
-0.9835057 1.3110247 -0.10147924 -0.8372528 -0.14450188 -0.8429818 0.47940183 0.28080902 -0.78429 0.26180845 
-0.3312512 -0.9364518 -0.6268305 1.0486343 0.20187582 1.1433885 -0.6209044 0.009706197 1.3875052 -0.74191463 
0.074760504 0.48875672 0.31401727 0.37728307 -0.9381661 0.43293422 0.81370544 0.61557937 0.25454476 -0.41131273 
-0.42856544 0.7926878 -0.5227016 0.27827471 -0.14859669 0.22373061 1.0699332 1.5003663 -1.0957587 -0.65563494 
-1.8786011 0.6155775 0.08131838 0.16996521 0.09949196 0.016389877 1.2513905 -0.64391106 -0.8814357 0.112857796 
-0.1669013 0.25903922 0.97577477 0.15092458 0.12004906 0.3309031 1.2742558 1.0168978 0.57028085 -1.8987687 
1.379917 0.81775594 0.12907526 -1.8493844 -0.7231056 -2.3604589 -0.2011993 0.8339466 1.5720947 -0.003148265 
0.49261737 0.7182251 -0.36127448 0.1852862 0.97362417 0.36755764 0.09940635 -0.123996586 0.9362351 -0.3230452 
0.35889181 -0.44649205 0.11359453 0.16625893 -1.1342753 -0.2264772 0.5870888 -0.41219866 -1.5341285 -0.47135004 
0.9859715 0.2673815 1.0511398 1.3466419 1.8156339 1.443851 0.52634895 0.07744976 -1.9873545 -1.1490474 
-1.6957061 0.43843237 0.7636021 -0.8286489 1.2941829 -0.53340244 0.30459175 0.6891688 -0.713993 -0.6460356 
-0.11653828 0.5322378 -0.3592731 -0.2546007 -0.279332 -0.26316866 -0.48928398 0.15144472 0.045925755 -0.4133148 
-1.1204509 0.5518442 0.7714717 -0.94226056 -0.85378885 -0.8563543 0.2401238 0.7810822 -2.375632 0.02473294 
0.6589266 0.14163272 -0.051425412 -1.0305245 0.34714976 -0.69564 -0.7222313 1.6961182 -0.073710695 -1.5888902 
0.038521685 -0.10956451 -0.48872584 -0.11484899 -0.26585168 0.059981428 -0.017664991 0.07895343 -0.35791272 -0.8511893 
-1.3038046 -0.45071462 -0.16187906 -1.1017666 1.2784867 -1.0096784 -0.2491965 -0.8673188 -1.6733562 -0.46231306 
0.108033836 0.9394726 -0.33967432 0.12621109 0.21312982 0.3290303 -0.6696176 -0.403613 -1.4970435 0.031074155 
-0.24774452 0.9784868 1.2725319 0.014520666 -0.11495694 -1.1031342 0.80652934 1.2964183 1.1142838 -2.3813374 
-0.6391089 2.1628006 2.4772742 0.1208329 0.5972308 0.5554191 1.2238128 0.7965932 1.1455286 -0.11790654 
-1.2962173 -1.0920367 -0.5903645 0.0007604961 -0.40888435 0.21447057 -0.39089492 0.3173414 0.8884883 0.8208632 
0.6779484 -0.19998787 -0.21275654 0.44610405 0.692017 0.24975784 0.8354477 0.12286848 -1.7038186 0.6843972 
-0.44256252 -0.25746012 -0.14818211 -0.1806922 -0.24355462 0.06780794 0.51198226 -0.49687448 0.022856792 -0.5940955 
-0.13318416 0.7884383 1.2524408 0.3738993 0.32168484 0.55206543 1.15172 1.134277 -0.40406945 -1.4725646 
-1.2308683 -0.2934546 0.5285736 0.41400078 0.33463597 0.55573595 -0.11086331 -0.56387216 1.3088009 -1.2343538 
-1.0367268 -0.87950504 -0.47449526 0.073182486 0.6537313 0.20228864 -1.0375092 0.476351 -1.4188561 0.29521152 
0.14072894 -0.2459013 -0.21320407 0.40662915 1.0416456 0.48243782 0.8336941 0.16935615 0.8758496 0.44221717 
-0.17350481 -0.1627662 0.5847211 -0.6552257 -0.044690993 -0.8458243 0.12395279 0.7227834 0.053904545 0.2991162 
-0.8924497 -0.52844036 -1.315244 -0.22581692 -1.0051268 -0.28944218 -1.0452195 0.017814081 -0.95525485 -0.72871625 
0.06349717 -1.4284121 -0.8288509 0.7946805 1.253124 0.747145 0.021876693 -0.8902457 1.6708995 0.34640226 
0.97892237 0.2789742 -0.14666346 0.21837346 -0.31332347 0.31640542 -0.5187135 -1.1366268 0.34837407 0.18865743 
-0.13007142 0.7637676 1.1571512 0.9264006 0.26141214 0.7257184 0.47999868 0.18063106 2.181374 -0.23461594 
1.3512427 -0.06805409 -0.023357522 0.098865196 0.3281824 0.56869733 -0.5168184 -0.5739072 0.061811466 0.06911912 
0.06575713 0.6771153 1.0146991 0.8417474 0.42550772 0.9190946 0.24852888 -0.22391057 0.7508635 1.1217091 
0.7851551 0.74686545 -0.93284994 0.50317705 0.7954484 0.5622123 -0.15894966 1.0529001 -0.46467137 -0.95908076 
-0.5865579 -0.13340953 -0.6467024 -0.7572434 0.92475504 -1.1061139 1.1304046 0.5215757 -0.19210702 -0.69270027 
-1.8665181 1.1536539 0.082298964 0.4940842 -0.50294846 0.3788496 0.7735541 0.23095676 0.4023117 0.07401169 
0.8227018 -0.102642484 -1.0193965 -1.1681687 0.06796586 -1.4348503 -1.1279433 0.1331587 -2.0890477 -1.7547779 
1.059036 0.7461769 0.6638897 -1.1135159 -0.44617745 -0.7852843 1.282143 0.19599532 0.023359401 0.51199 
-0.35497424 -0.46076602 0.031095501 -0.7996912 -0.45711845 -0.46895832 -0.4868984 -0.14381441 -0.7027388 -0.19967628 
0.13427892 -0.1874618 -1.3215126 0.20398147 0.0523683 0.521549 -0.3635384 -0.24958356 -0.635853 0.61135113 
-0.40115157 -0.46652362 0.36690933 -0.80441684 0.45419225 -0.63833505 0.16218908 0.36460823 -0.31236267 -1.1653126 
1.4377882 0.5225042 0.61503685 1.3372121 0.07603354 0.80970925 -0.0066031013 -0.29203042 -0.63219947 -0.9719451 
-0.58185476 0.74537575 0.266021 -0.13510557 -0.4487699 -0.11406373 1.8377608 0.43553436 -0.6747783 -0.7300932 
-0.23923483 -0.4420583 0.34123003 0.13949975 0.38000268 0.05189066 1.2536688 1.0405339 -0.29097182 -1.4561772 
0.18175238 -1.3485175 -0.042702094 -0.74439573 0.8663543 -1.119732 -0.026457451 0.55989605 1.555988 -0.10042228 
-1.0666031 0.42925528 0.40477937 0.38646284 0.7900873 0.35118896 0.04709341 0.873884 0.12600158 -0.051993784 
-0.5698496 -0.31994027 0.38400352 0.017988415 0.85057086 0.5239321 0.41870576 0.51085794 1.0837017 0.79797715 
-0.04416516 0.28451473 0.14650774 0.109226085 -0.35499454 0.27022398 -0.7414575 -0.26226354 -1.1662052 -1.2087195 
0.53727406 0.047132842 -0.57186246 0.07801231 -1.3360503 -0.13258307 -0.4326569 0.15619962 0.1262545 -0.9323554 
-1.2434067 0.63036954 -0.66383827 -0.44486028 0.005470878 -0.38090083 -0.47510487 0.4229402 -1.5168515 0.6872823 
